----------------------------------------------------
 t          | y          | y*         | |y-y*|     |
----------------------------------------------------
  0.000E+00 | 0.1000E+01 | 0.1000E+01 | 0.0000E+00 |
----------------------------------------------------
  0.250E-01 | 0.1001E+01 | 0.1001E+01 | 0.2384E-06 |
----------------------------------------------------
  0.500E-01 | 0.1003E+01 | 0.1003E+01 | 0.3576E-06 |
----------------------------------------------------
  0.750E-01 | 0.1006E+01 | 0.1006E+01 | 0.5960E-06 |
----------------------------------------------------
  0.100E+00 | 0.1010E+01 | 0.1010E+01 | 0.8345E-06 |
----------------------------------------------------
  0.125E+00 | 0.1016E+01 | 0.1016E+01 | 0.1073E-05 |
----------------------------------------------------
  0.150E+00 | 0.1023E+01 | 0.1023E+01 | 0.1311E-05 |
----------------------------------------------------
  0.175E+00 | 0.1031E+01 | 0.1031E+01 | 0.1550E-05 |
----------------------------------------------------
  0.200E+00 | 0.1041E+01 | 0.1041E+01 | 0.2027E-05 |
----------------------------------------------------
  0.225E+00 | 0.1052E+01 | 0.1052E+01 | 0.2503E-05 |
----------------------------------------------------
  0.250E+00 | 0.1064E+01 | 0.1064E+01 | 0.2980E-05 |
----------------------------------------------------
  0.275E+00 | 0.1079E+01 | 0.1079E+01 | 0.3695E-05 |
----------------------------------------------------
  0.300E+00 | 0.1094E+01 | 0.1094E+01 | 0.4411E-05 |
----------------------------------------------------
  0.325E+00 | 0.1111E+01 | 0.1111E+01 | 0.5364E-05 |
----------------------------------------------------
  0.350E+00 | 0.1130E+01 | 0.1130E+01 | 0.6557E-05 |
----------------------------------------------------
  0.375E+00 | 0.1151E+01 | 0.1151E+01 | 0.8106E-05 |
----------------------------------------------------
  0.400E+00 | 0.1174E+01 | 0.1174E+01 | 0.9894E-05 |
----------------------------------------------------
  0.425E+00 | 0.1198E+01 | 0.1198E+01 | 0.1216E-04 |
----------------------------------------------------
  0.450E+00 | 0.1224E+01 | 0.1224E+01 | 0.1466E-04 |
----------------------------------------------------
  0.475E+00 | 0.1253E+01 | 0.1253E+01 | 0.1788E-04 |
----------------------------------------------------
  0.500E+00 | 0.1284E+01 | 0.1284E+01 | 0.2170E-04 |
----------------------------------------------------
  0.525E+00 | 0.1317E+01 | 0.1317E+01 | 0.2611E-04 |
----------------------------------------------------
  0.550E+00 | 0.1353E+01 | 0.1353E+01 | 0.3135E-04 |
----------------------------------------------------
  0.575E+00 | 0.1392E+01 | 0.1392E+01 | 0.3743E-04 |
----------------------------------------------------
  0.600E+00 | 0.1433E+01 | 0.1433E+01 | 0.4470E-04 |
----------------------------------------------------
  0.625E+00 | 0.1478E+01 | 0.1478E+01 | 0.5329E-04 |
----------------------------------------------------
  0.650E+00 | 0.1526E+01 | 0.1526E+01 | 0.6330E-04 |
----------------------------------------------------
  0.675E+00 | 0.1577E+01 | 0.1577E+01 | 0.7498E-04 |
----------------------------------------------------
  0.700E+00 | 0.1632E+01 | 0.1632E+01 | 0.8857E-04 |
----------------------------------------------------
  0.725E+00 | 0.1691E+01 | 0.1692E+01 | 0.1045E-03 |
----------------------------------------------------
  0.750E+00 | 0.1755E+01 | 0.1755E+01 | 0.1230E-03 |
----------------------------------------------------
  0.775E+00 | 0.1823E+01 | 0.1823E+01 | 0.1445E-03 |
----------------------------------------------------
  0.800E+00 | 0.1896E+01 | 0.1896E+01 | 0.1693E-03 |
----------------------------------------------------
  0.825E+00 | 0.1975E+01 | 0.1975E+01 | 0.1980E-03 |
----------------------------------------------------
  0.850E+00 | 0.2059E+01 | 0.2060E+01 | 0.2313E-03 |
----------------------------------------------------
  0.875E+00 | 0.2150E+01 | 0.2150E+01 | 0.2694E-03 |
----------------------------------------------------
  0.900E+00 | 0.2248E+01 | 0.2248E+01 | 0.3138E-03 |
----------------------------------------------------
  0.925E+00 | 0.2352E+01 | 0.2353E+01 | 0.3648E-03 |
----------------------------------------------------
  0.950E+00 | 0.2465E+01 | 0.2466E+01 | 0.4234E-03 |
----------------------------------------------------
  0.975E+00 | 0.2587E+01 | 0.2587E+01 | 0.4909E-03 |
----------------------------------------------------
  0.100E+01 | 0.2718E+01 | 0.2718E+01 | 0.5689E-03 |
----------------------------------------------------
