----------------------------------------------------
 t          | y          | y*         | |y-y*|     |
----------------------------------------------------
  0.000E+00 | 0.1000E+01 | 0.1000E+01 | 0.0000E+00 |
----------------------------------------------------
  0.500E-01 | 0.1000E+01 | 0.1003E+01 | 0.2503E-02 |
----------------------------------------------------
  0.100E+00 | 0.1005E+01 | 0.1010E+01 | 0.5050E-02 |
----------------------------------------------------
  0.150E+00 | 0.1015E+01 | 0.1023E+01 | 0.7705E-02 |
----------------------------------------------------
  0.200E+00 | 0.1030E+01 | 0.1041E+01 | 0.1054E-01 |
----------------------------------------------------
  0.250E+00 | 0.1051E+01 | 0.1064E+01 | 0.1361E-01 |
----------------------------------------------------
  0.300E+00 | 0.1077E+01 | 0.1094E+01 | 0.1702E-01 |
----------------------------------------------------
  0.350E+00 | 0.1109E+01 | 0.1130E+01 | 0.2085E-01 |
----------------------------------------------------
  0.400E+00 | 0.1148E+01 | 0.1174E+01 | 0.2521E-01 |
----------------------------------------------------
  0.450E+00 | 0.1194E+01 | 0.1224E+01 | 0.3023E-01 |
----------------------------------------------------
  0.500E+00 | 0.1248E+01 | 0.1284E+01 | 0.3605E-01 |
----------------------------------------------------
  0.550E+00 | 0.1310E+01 | 0.1353E+01 | 0.4287E-01 |
----------------------------------------------------
  0.600E+00 | 0.1382E+01 | 0.1433E+01 | 0.5089E-01 |
----------------------------------------------------
  0.650E+00 | 0.1465E+01 | 0.1526E+01 | 0.6038E-01 |
----------------------------------------------------
  0.700E+00 | 0.1561E+01 | 0.1632E+01 | 0.7168E-01 |
----------------------------------------------------
  0.750E+00 | 0.1670E+01 | 0.1755E+01 | 0.8517E-01 |
----------------------------------------------------
  0.800E+00 | 0.1795E+01 | 0.1896E+01 | 0.1014E+00 |
----------------------------------------------------
  0.850E+00 | 0.1939E+01 | 0.2060E+01 | 0.1208E+00 |
----------------------------------------------------
  0.900E+00 | 0.2104E+01 | 0.2248E+01 | 0.1444E+00 |
----------------------------------------------------
  0.950E+00 | 0.2293E+01 | 0.2466E+01 | 0.1729E+00 |
----------------------------------------------------
  0.100E+01 | 0.2511E+01 | 0.2718E+01 | 0.2076E+00 |
----------------------------------------------------
