----------------------------------------------------
 t          | y          | y*         | |y-y*|     |
----------------------------------------------------
  0.000E+00 | 0.1000E+01 | 0.1000E+01 | 0.0000E+00 |
----------------------------------------------------
  0.100E+00 | 0.1000E+01 | 0.1010E+01 | 0.1005E-01 |
----------------------------------------------------
  0.200E+00 | 0.1020E+01 | 0.1041E+01 | 0.2081E-01 |
----------------------------------------------------
  0.300E+00 | 0.1061E+01 | 0.1094E+01 | 0.3337E-01 |
----------------------------------------------------
  0.400E+00 | 0.1124E+01 | 0.1174E+01 | 0.4906E-01 |
----------------------------------------------------
  0.500E+00 | 0.1214E+01 | 0.1284E+01 | 0.6962E-01 |
----------------------------------------------------
  0.600E+00 | 0.1336E+01 | 0.1433E+01 | 0.9749E-01 |
----------------------------------------------------
  0.700E+00 | 0.1496E+01 | 0.1632E+01 | 0.1362E+00 |
----------------------------------------------------
  0.800E+00 | 0.1706E+01 | 0.1896E+01 | 0.1909E+00 |
----------------------------------------------------
  0.900E+00 | 0.1979E+01 | 0.2248E+01 | 0.2694E+00 |
----------------------------------------------------
  0.100E+01 | 0.2335E+01 | 0.2718E+01 | 0.3836E+00 |
----------------------------------------------------
