----------------------------------------------------
 t          | y          | y*         | |y-y*|     |
----------------------------------------------------
  0.000E+00 | 0.1000E+01 | 0.1000E+01 | 0.0000E+00 |
----------------------------------------------------
  0.250E-01 | 0.1000E+01 | 0.1001E+01 | 0.6253E-03 |
----------------------------------------------------
  0.500E-01 | 0.1001E+01 | 0.1003E+01 | 0.1253E-02 |
----------------------------------------------------
  0.750E-01 | 0.1004E+01 | 0.1006E+01 | 0.1888E-02 |
----------------------------------------------------
  0.100E+00 | 0.1008E+01 | 0.1010E+01 | 0.2533E-02 |
----------------------------------------------------
  0.125E+00 | 0.1013E+01 | 0.1016E+01 | 0.3193E-02 |
----------------------------------------------------
  0.150E+00 | 0.1019E+01 | 0.1023E+01 | 0.3872E-02 |
----------------------------------------------------
  0.175E+00 | 0.1027E+01 | 0.1031E+01 | 0.4574E-02 |
----------------------------------------------------
  0.200E+00 | 0.1036E+01 | 0.1041E+01 | 0.5304E-02 |
----------------------------------------------------
  0.225E+00 | 0.1046E+01 | 0.1052E+01 | 0.6066E-02 |
----------------------------------------------------
  0.250E+00 | 0.1058E+01 | 0.1064E+01 | 0.6866E-02 |
----------------------------------------------------
  0.275E+00 | 0.1071E+01 | 0.1079E+01 | 0.7710E-02 |
----------------------------------------------------
  0.300E+00 | 0.1086E+01 | 0.1094E+01 | 0.8602E-02 |
----------------------------------------------------
  0.325E+00 | 0.1102E+01 | 0.1111E+01 | 0.9549E-02 |
----------------------------------------------------
  0.350E+00 | 0.1120E+01 | 0.1130E+01 | 0.1056E-01 |
----------------------------------------------------
  0.375E+00 | 0.1139E+01 | 0.1151E+01 | 0.1164E-01 |
----------------------------------------------------
  0.400E+00 | 0.1161E+01 | 0.1174E+01 | 0.1279E-01 |
----------------------------------------------------
  0.425E+00 | 0.1184E+01 | 0.1198E+01 | 0.1403E-01 |
----------------------------------------------------
  0.450E+00 | 0.1209E+01 | 0.1224E+01 | 0.1537E-01 |
----------------------------------------------------
  0.475E+00 | 0.1236E+01 | 0.1253E+01 | 0.1681E-01 |
----------------------------------------------------
  0.500E+00 | 0.1266E+01 | 0.1284E+01 | 0.1837E-01 |
----------------------------------------------------
  0.525E+00 | 0.1297E+01 | 0.1317E+01 | 0.2005E-01 |
----------------------------------------------------
  0.550E+00 | 0.1331E+01 | 0.1353E+01 | 0.2188E-01 |
----------------------------------------------------
  0.575E+00 | 0.1368E+01 | 0.1392E+01 | 0.2387E-01 |
----------------------------------------------------
  0.600E+00 | 0.1407E+01 | 0.1433E+01 | 0.2603E-01 |
----------------------------------------------------
  0.625E+00 | 0.1450E+01 | 0.1478E+01 | 0.2839E-01 |
----------------------------------------------------
  0.650E+00 | 0.1495E+01 | 0.1526E+01 | 0.3096E-01 |
----------------------------------------------------
  0.675E+00 | 0.1543E+01 | 0.1577E+01 | 0.3376E-01 |
----------------------------------------------------
  0.700E+00 | 0.1595E+01 | 0.1632E+01 | 0.3683E-01 |
----------------------------------------------------
  0.725E+00 | 0.1651E+01 | 0.1692E+01 | 0.4019E-01 |
----------------------------------------------------
  0.750E+00 | 0.1711E+01 | 0.1755E+01 | 0.4387E-01 |
----------------------------------------------------
  0.775E+00 | 0.1775E+01 | 0.1823E+01 | 0.4790E-01 |
----------------------------------------------------
  0.800E+00 | 0.1844E+01 | 0.1896E+01 | 0.5233E-01 |
----------------------------------------------------
  0.825E+00 | 0.1918E+01 | 0.1975E+01 | 0.5719E-01 |
----------------------------------------------------
  0.850E+00 | 0.1997E+01 | 0.2060E+01 | 0.6254E-01 |
----------------------------------------------------
  0.875E+00 | 0.2082E+01 | 0.2150E+01 | 0.6843E-01 |
----------------------------------------------------
  0.900E+00 | 0.2173E+01 | 0.2248E+01 | 0.7492E-01 |
----------------------------------------------------
  0.925E+00 | 0.2271E+01 | 0.2353E+01 | 0.8207E-01 |
----------------------------------------------------
  0.950E+00 | 0.2376E+01 | 0.2466E+01 | 0.8996E-01 |
----------------------------------------------------
  0.975E+00 | 0.2489E+01 | 0.2587E+01 | 0.9868E-01 |
----------------------------------------------------
  0.100E+01 | 0.2610E+01 | 0.2718E+01 | 0.1083E+00 |
----------------------------------------------------
