----------------------------------------------------
 t          | y          | y*         | |y-y*|     |
----------------------------------------------------
  0.000E+00 | 0.1000E+01 | 0.1000E+01 | 0.0000E+00 |
----------------------------------------------------
  0.100E+00 | 0.1010E+01 | 0.1010E+01 | 0.5019E-04 |
----------------------------------------------------
  0.200E+00 | 0.1041E+01 | 0.1041E+01 | 0.1068E-03 |
----------------------------------------------------
  0.300E+00 | 0.1094E+01 | 0.1094E+01 | 0.1862E-03 |
----------------------------------------------------
  0.400E+00 | 0.1173E+01 | 0.1174E+01 | 0.3181E-03 |
----------------------------------------------------
  0.500E+00 | 0.1283E+01 | 0.1284E+01 | 0.5524E-03 |
----------------------------------------------------
  0.600E+00 | 0.1432E+01 | 0.1433E+01 | 0.9736E-03 |
----------------------------------------------------
  0.700E+00 | 0.1631E+01 | 0.1632E+01 | 0.1722E-02 |
----------------------------------------------------
  0.800E+00 | 0.1893E+01 | 0.1896E+01 | 0.3035E-02 |
----------------------------------------------------
  0.900E+00 | 0.2243E+01 | 0.2248E+01 | 0.5311E-02 |
----------------------------------------------------
  0.100E+01 | 0.2709E+01 | 0.2718E+01 | 0.9225E-02 |
----------------------------------------------------
