----------------------------------------------------
 t          | y          | y*         | |y-y*|     |
----------------------------------------------------
  0.000E+00 | 0.1000E+01 | 0.1000E+01 | 0.0000E+00 |
----------------------------------------------------
  0.500E-01 | 0.1003E+01 | 0.1003E+01 | 0.3099E-05 |
----------------------------------------------------
  0.100E+00 | 0.1010E+01 | 0.1010E+01 | 0.6318E-05 |
----------------------------------------------------
  0.150E+00 | 0.1023E+01 | 0.1023E+01 | 0.9894E-05 |
----------------------------------------------------
  0.200E+00 | 0.1041E+01 | 0.1041E+01 | 0.1419E-04 |
----------------------------------------------------
  0.250E+00 | 0.1064E+01 | 0.1064E+01 | 0.1967E-04 |
----------------------------------------------------
  0.300E+00 | 0.1094E+01 | 0.1094E+01 | 0.2718E-04 |
----------------------------------------------------
  0.350E+00 | 0.1130E+01 | 0.1130E+01 | 0.3779E-04 |
----------------------------------------------------
  0.400E+00 | 0.1173E+01 | 0.1174E+01 | 0.5281E-04 |
----------------------------------------------------
  0.450E+00 | 0.1224E+01 | 0.1224E+01 | 0.7391E-04 |
----------------------------------------------------
  0.500E+00 | 0.1284E+01 | 0.1284E+01 | 0.1036E-03 |
----------------------------------------------------
  0.550E+00 | 0.1353E+01 | 0.1353E+01 | 0.1445E-03 |
----------------------------------------------------
  0.600E+00 | 0.1433E+01 | 0.1433E+01 | 0.2009E-03 |
----------------------------------------------------
  0.650E+00 | 0.1525E+01 | 0.1526E+01 | 0.2775E-03 |
----------------------------------------------------
  0.700E+00 | 0.1632E+01 | 0.1632E+01 | 0.3812E-03 |
----------------------------------------------------
  0.750E+00 | 0.1755E+01 | 0.1755E+01 | 0.5206E-03 |
----------------------------------------------------
  0.800E+00 | 0.1896E+01 | 0.1896E+01 | 0.7069E-03 |
----------------------------------------------------
  0.850E+00 | 0.2059E+01 | 0.2060E+01 | 0.9549E-03 |
----------------------------------------------------
  0.900E+00 | 0.2247E+01 | 0.2248E+01 | 0.1284E-02 |
----------------------------------------------------
  0.950E+00 | 0.2464E+01 | 0.2466E+01 | 0.1719E-02 |
----------------------------------------------------
  0.100E+01 | 0.2716E+01 | 0.2718E+01 | 0.2292E-02 |
----------------------------------------------------
