----------------------------------------------------
 t          | y          | y*         | |y-y*|     |
----------------------------------------------------
  0.000E+00 | 0.1000E+01 | 0.1000E+01 | 0.0000E+00 |
----------------------------------------------------
  0.500E-01 | 0.1003E+01 | 0.1003E+01 | 0.3099E-05 |
----------------------------------------------------
  0.100E+00 | 0.1010E+01 | 0.1010E+01 | 0.1252E-04 |
----------------------------------------------------
  0.150E+00 | 0.1023E+01 | 0.1023E+01 | 0.2873E-04 |
----------------------------------------------------
  0.200E+00 | 0.1041E+01 | 0.1041E+01 | 0.5257E-04 |
----------------------------------------------------
  0.250E+00 | 0.1064E+01 | 0.1064E+01 | 0.8500E-04 |
----------------------------------------------------
  0.300E+00 | 0.1094E+01 | 0.1094E+01 | 0.1277E-03 |
----------------------------------------------------
  0.350E+00 | 0.1130E+01 | 0.1130E+01 | 0.1826E-03 |
----------------------------------------------------
  0.400E+00 | 0.1173E+01 | 0.1174E+01 | 0.2526E-03 |
----------------------------------------------------
  0.450E+00 | 0.1224E+01 | 0.1224E+01 | 0.3411E-03 |
----------------------------------------------------
  0.500E+00 | 0.1284E+01 | 0.1284E+01 | 0.4525E-03 |
----------------------------------------------------
  0.550E+00 | 0.1353E+01 | 0.1353E+01 | 0.5925E-03 |
----------------------------------------------------
  0.600E+00 | 0.1433E+01 | 0.1433E+01 | 0.7683E-03 |
----------------------------------------------------
  0.650E+00 | 0.1525E+01 | 0.1526E+01 | 0.9890E-03 |
----------------------------------------------------
  0.700E+00 | 0.1631E+01 | 0.1632E+01 | 0.1266E-02 |
----------------------------------------------------
  0.750E+00 | 0.1753E+01 | 0.1755E+01 | 0.1615E-02 |
----------------------------------------------------
  0.800E+00 | 0.1894E+01 | 0.1896E+01 | 0.2054E-02 |
----------------------------------------------------
  0.850E+00 | 0.2057E+01 | 0.2060E+01 | 0.2607E-02 |
----------------------------------------------------
  0.900E+00 | 0.2245E+01 | 0.2248E+01 | 0.3305E-02 |
----------------------------------------------------
  0.950E+00 | 0.2462E+01 | 0.2466E+01 | 0.4188E-02 |
----------------------------------------------------
  0.100E+01 | 0.2713E+01 | 0.2718E+01 | 0.5306E-02 |
----------------------------------------------------
