----------------------------------------------------
 t          | y          | y*         | |y-y*|     |
----------------------------------------------------
  0.000E+00 | 0.1000E+01 | 0.1000E+01 | 0.0000E+00 |
----------------------------------------------------
  0.100E+00 | 0.1010E+01 | 0.1010E+01 | 0.5019E-04 |
----------------------------------------------------
  0.200E+00 | 0.1041E+01 | 0.1041E+01 | 0.2078E-03 |
----------------------------------------------------
  0.300E+00 | 0.1094E+01 | 0.1094E+01 | 0.5004E-03 |
----------------------------------------------------
  0.400E+00 | 0.1173E+01 | 0.1174E+01 | 0.9832E-03 |
----------------------------------------------------
  0.500E+00 | 0.1282E+01 | 0.1284E+01 | 0.1749E-02 |
----------------------------------------------------
  0.600E+00 | 0.1430E+01 | 0.1433E+01 | 0.2950E-02 |
----------------------------------------------------
  0.700E+00 | 0.1627E+01 | 0.1632E+01 | 0.4831E-02 |
----------------------------------------------------
  0.800E+00 | 0.1889E+01 | 0.1896E+01 | 0.7784E-02 |
----------------------------------------------------
  0.900E+00 | 0.2235E+01 | 0.2248E+01 | 0.1245E-01 |
----------------------------------------------------
  0.100E+01 | 0.2698E+01 | 0.2718E+01 | 0.1986E-01 |
----------------------------------------------------
