----------------------------------------------------
 t          | y          | y*         | |y-y*|     |
----------------------------------------------------
 0.0000E+00 | 0.1000E+01 | 0.1000E+01 | 0.0000E+00 |
----------------------------------------------------
 0.2500E+00 | 0.3741E+02 | 0.2493E+00 | 0.3716E+02 |
----------------------------------------------------
 0.5000E+00 | 0.1382E+04 | 0.4794E+00 | 0.1381E+04 |
----------------------------------------------------
 0.7500E+00 | 0.5134E+05 | 0.6816E+00 | 0.5134E+05 |
----------------------------------------------------
 0.1000E+01 | 0.1908E+07 | 0.8415E+00 | 0.1908E+07 |
----------------------------------------------------
 0.1250E+01 | 0.7093E+08 | 0.9490E+00 | 0.7093E+08 |
----------------------------------------------------
 0.1500E+01 | 0.2636E+10 | 0.9975E+00 | 0.2636E+10 |
----------------------------------------------------
 0.1750E+01 | 0.9799E+11 | 0.9840E+00 | 0.9799E+11 |
----------------------------------------------------
 0.2000E+01 | 0.3642E+13 | 0.9093E+00 | 0.3642E+13 |
----------------------------------------------------
