----------------------------------------------------
 t          | y          | y*         | |y-y*|     |
----------------------------------------------------
  0.000E+00 | 0.1000E+01 | 0.1000E+01 | 0.0000E+00 |
----------------------------------------------------
  0.250E-01 | 0.1001E+01 | 0.1001E+01 | 0.6263E-03 |
----------------------------------------------------
  0.500E-01 | 0.1004E+01 | 0.1003E+01 | 0.1258E-02 |
----------------------------------------------------
  0.750E-01 | 0.1008E+01 | 0.1006E+01 | 0.1898E-02 |
----------------------------------------------------
  0.100E+00 | 0.1013E+01 | 0.1010E+01 | 0.2552E-02 |
----------------------------------------------------
  0.125E+00 | 0.1019E+01 | 0.1016E+01 | 0.3223E-02 |
----------------------------------------------------
  0.150E+00 | 0.1027E+01 | 0.1023E+01 | 0.3916E-02 |
----------------------------------------------------
  0.175E+00 | 0.1036E+01 | 0.1031E+01 | 0.4635E-02 |
----------------------------------------------------
  0.200E+00 | 0.1046E+01 | 0.1041E+01 | 0.5385E-02 |
----------------------------------------------------
  0.225E+00 | 0.1058E+01 | 0.1052E+01 | 0.6171E-02 |
----------------------------------------------------
  0.250E+00 | 0.1071E+01 | 0.1064E+01 | 0.6998E-02 |
----------------------------------------------------
  0.275E+00 | 0.1086E+01 | 0.1079E+01 | 0.7873E-02 |
----------------------------------------------------
  0.300E+00 | 0.1103E+01 | 0.1094E+01 | 0.8801E-02 |
----------------------------------------------------
  0.325E+00 | 0.1121E+01 | 0.1111E+01 | 0.9790E-02 |
----------------------------------------------------
  0.350E+00 | 0.1141E+01 | 0.1130E+01 | 0.1085E-01 |
----------------------------------------------------
  0.375E+00 | 0.1163E+01 | 0.1151E+01 | 0.1198E-01 |
----------------------------------------------------
  0.400E+00 | 0.1187E+01 | 0.1174E+01 | 0.1319E-01 |
----------------------------------------------------
  0.425E+00 | 0.1212E+01 | 0.1198E+01 | 0.1450E-01 |
----------------------------------------------------
  0.450E+00 | 0.1240E+01 | 0.1224E+01 | 0.1592E-01 |
----------------------------------------------------
  0.475E+00 | 0.1271E+01 | 0.1253E+01 | 0.1745E-01 |
----------------------------------------------------
  0.500E+00 | 0.1303E+01 | 0.1284E+01 | 0.1911E-01 |
----------------------------------------------------
  0.525E+00 | 0.1338E+01 | 0.1317E+01 | 0.2091E-01 |
----------------------------------------------------
  0.550E+00 | 0.1376E+01 | 0.1353E+01 | 0.2287E-01 |
----------------------------------------------------
  0.575E+00 | 0.1417E+01 | 0.1392E+01 | 0.2500E-01 |
----------------------------------------------------
  0.600E+00 | 0.1461E+01 | 0.1433E+01 | 0.2733E-01 |
----------------------------------------------------
  0.625E+00 | 0.1508E+01 | 0.1478E+01 | 0.2987E-01 |
----------------------------------------------------
  0.650E+00 | 0.1558E+01 | 0.1526E+01 | 0.3266E-01 |
----------------------------------------------------
  0.675E+00 | 0.1613E+01 | 0.1577E+01 | 0.3570E-01 |
----------------------------------------------------
  0.700E+00 | 0.1671E+01 | 0.1632E+01 | 0.3904E-01 |
----------------------------------------------------
  0.725E+00 | 0.1734E+01 | 0.1692E+01 | 0.4271E-01 |
----------------------------------------------------
  0.750E+00 | 0.1802E+01 | 0.1755E+01 | 0.4674E-01 |
----------------------------------------------------
  0.775E+00 | 0.1874E+01 | 0.1823E+01 | 0.5117E-01 |
----------------------------------------------------
  0.800E+00 | 0.1953E+01 | 0.1896E+01 | 0.5605E-01 |
----------------------------------------------------
  0.825E+00 | 0.2037E+01 | 0.1975E+01 | 0.6142E-01 |
----------------------------------------------------
  0.850E+00 | 0.2127E+01 | 0.2060E+01 | 0.6735E-01 |
----------------------------------------------------
  0.875E+00 | 0.2224E+01 | 0.2150E+01 | 0.7390E-01 |
----------------------------------------------------
  0.900E+00 | 0.2329E+01 | 0.2248E+01 | 0.8114E-01 |
----------------------------------------------------
  0.925E+00 | 0.2442E+01 | 0.2353E+01 | 0.8914E-01 |
----------------------------------------------------
  0.950E+00 | 0.2564E+01 | 0.2466E+01 | 0.9801E-01 |
----------------------------------------------------
  0.975E+00 | 0.2695E+01 | 0.2587E+01 | 0.1078E+00 |
----------------------------------------------------
  0.100E+01 | 0.2837E+01 | 0.2718E+01 | 0.1187E+00 |
----------------------------------------------------
