----------------------------------------------------
 t          | y          | y*         | |y-y*|     |
----------------------------------------------------
  0.000E+00 | 0.1000E+01 | 0.1000E+01 | 0.0000E+00 |
----------------------------------------------------
  0.500E-01 | 0.1005E+01 | 0.1003E+01 | 0.2522E-02 |
----------------------------------------------------
  0.100E+00 | 0.1015E+01 | 0.1010E+01 | 0.5127E-02 |
----------------------------------------------------
  0.150E+00 | 0.1031E+01 | 0.1023E+01 | 0.7881E-02 |
----------------------------------------------------
  0.200E+00 | 0.1052E+01 | 0.1041E+01 | 0.1086E-01 |
----------------------------------------------------
  0.250E+00 | 0.1079E+01 | 0.1064E+01 | 0.1414E-01 |
----------------------------------------------------
  0.300E+00 | 0.1112E+01 | 0.1094E+01 | 0.1782E-01 |
----------------------------------------------------
  0.350E+00 | 0.1152E+01 | 0.1130E+01 | 0.2201E-01 |
----------------------------------------------------
  0.400E+00 | 0.1200E+01 | 0.1174E+01 | 0.2683E-01 |
----------------------------------------------------
  0.450E+00 | 0.1257E+01 | 0.1224E+01 | 0.3244E-01 |
----------------------------------------------------
  0.500E+00 | 0.1323E+01 | 0.1284E+01 | 0.3903E-01 |
----------------------------------------------------
  0.550E+00 | 0.1400E+01 | 0.1353E+01 | 0.4682E-01 |
----------------------------------------------------
  0.600E+00 | 0.1489E+01 | 0.1433E+01 | 0.5609E-01 |
----------------------------------------------------
  0.650E+00 | 0.1593E+01 | 0.1526E+01 | 0.6719E-01 |
----------------------------------------------------
  0.700E+00 | 0.1713E+01 | 0.1632E+01 | 0.8055E-01 |
----------------------------------------------------
  0.750E+00 | 0.1852E+01 | 0.1755E+01 | 0.9669E-01 |
----------------------------------------------------
  0.800E+00 | 0.2013E+01 | 0.1896E+01 | 0.1163E+00 |
----------------------------------------------------
  0.850E+00 | 0.2200E+01 | 0.2060E+01 | 0.1402E+00 |
----------------------------------------------------
  0.900E+00 | 0.2417E+01 | 0.2248E+01 | 0.1694E+00 |
----------------------------------------------------
  0.950E+00 | 0.2671E+01 | 0.2466E+01 | 0.2053E+00 |
----------------------------------------------------
  0.100E+01 | 0.2968E+01 | 0.2718E+01 | 0.2496E+00 |
----------------------------------------------------
