----------------------------------------------------
 t          | y          | y*         | |y-y*|     |
----------------------------------------------------
  0.000E+00 | 0.1000E+01 | 0.1000E+01 | 0.0000E+00 |
----------------------------------------------------
  0.100E+00 | 0.1020E+01 | 0.1010E+01 | 0.1036E-01 |
----------------------------------------------------
  0.200E+00 | 0.1063E+01 | 0.1041E+01 | 0.2211E-01 |
----------------------------------------------------
  0.300E+00 | 0.1131E+01 | 0.1094E+01 | 0.3660E-01 |
----------------------------------------------------
  0.400E+00 | 0.1229E+01 | 0.1174E+01 | 0.5559E-01 |
----------------------------------------------------
  0.500E+00 | 0.1366E+01 | 0.1284E+01 | 0.8164E-01 |
----------------------------------------------------
  0.600E+00 | 0.1552E+01 | 0.1433E+01 | 0.1186E+00 |
----------------------------------------------------
  0.700E+00 | 0.1805E+01 | 0.1632E+01 | 0.1722E+00 |
----------------------------------------------------
  0.800E+00 | 0.2148E+01 | 0.1896E+01 | 0.2518E+00 |
----------------------------------------------------
  0.900E+00 | 0.2620E+01 | 0.2248E+01 | 0.3719E+00 |
----------------------------------------------------
  0.100E+01 | 0.3275E+01 | 0.2718E+01 | 0.5565E+00 |
----------------------------------------------------
