----------------------------------------------------
 t          | y          | y*         | |y-y*|     |
----------------------------------------------------
  0.000E+00 | 0.1000E+01 | 0.1000E+01 | 0.0000E+00 |
----------------------------------------------------
  0.100E+00 | 0.1010E+01 | 0.1010E+01 | 0.5078E-04 |
----------------------------------------------------
  0.200E+00 | 0.1041E+01 | 0.1041E+01 | 0.2116E-03 |
----------------------------------------------------
  0.300E+00 | 0.1095E+01 | 0.1094E+01 | 0.5091E-03 |
----------------------------------------------------
  0.400E+00 | 0.1175E+01 | 0.1174E+01 | 0.9931E-03 |
----------------------------------------------------
  0.500E+00 | 0.1286E+01 | 0.1284E+01 | 0.1747E-02 |
----------------------------------------------------
  0.600E+00 | 0.1436E+01 | 0.1433E+01 | 0.2906E-02 |
----------------------------------------------------
  0.700E+00 | 0.1637E+01 | 0.1632E+01 | 0.4683E-02 |
----------------------------------------------------
  0.800E+00 | 0.1904E+01 | 0.1896E+01 | 0.7421E-02 |
----------------------------------------------------
  0.900E+00 | 0.2260E+01 | 0.2248E+01 | 0.1167E-01 |
----------------------------------------------------
  0.100E+01 | 0.2737E+01 | 0.2718E+01 | 0.1831E-01 |
----------------------------------------------------
