----------------------------------------------------
 t          | y          | y*         | |y-y*|     |
----------------------------------------------------
  0.000E+00 | 0.1000E+01 | 0.1000E+01 | 0.0000E+00 |
----------------------------------------------------
  0.250E-01 | 0.1001E+01 | 0.1001E+01 | 0.1192E-06 |
----------------------------------------------------
  0.500E-01 | 0.1003E+01 | 0.1003E+01 | 0.7153E-06 |
----------------------------------------------------
  0.750E-01 | 0.1006E+01 | 0.1006E+01 | 0.1669E-05 |
----------------------------------------------------
  0.100E+00 | 0.1010E+01 | 0.1010E+01 | 0.3099E-05 |
----------------------------------------------------
  0.125E+00 | 0.1016E+01 | 0.1016E+01 | 0.5007E-05 |
----------------------------------------------------
  0.150E+00 | 0.1023E+01 | 0.1023E+01 | 0.7272E-05 |
----------------------------------------------------
  0.175E+00 | 0.1031E+01 | 0.1031E+01 | 0.1001E-04 |
----------------------------------------------------
  0.200E+00 | 0.1041E+01 | 0.1041E+01 | 0.1311E-04 |
----------------------------------------------------
  0.225E+00 | 0.1052E+01 | 0.1052E+01 | 0.1681E-04 |
----------------------------------------------------
  0.250E+00 | 0.1065E+01 | 0.1064E+01 | 0.2110E-04 |
----------------------------------------------------
  0.275E+00 | 0.1079E+01 | 0.1079E+01 | 0.2599E-04 |
----------------------------------------------------
  0.300E+00 | 0.1094E+01 | 0.1094E+01 | 0.3159E-04 |
----------------------------------------------------
  0.325E+00 | 0.1111E+01 | 0.1111E+01 | 0.3791E-04 |
----------------------------------------------------
  0.350E+00 | 0.1130E+01 | 0.1130E+01 | 0.4494E-04 |
----------------------------------------------------
  0.375E+00 | 0.1151E+01 | 0.1151E+01 | 0.5281E-04 |
----------------------------------------------------
  0.400E+00 | 0.1174E+01 | 0.1174E+01 | 0.6163E-04 |
----------------------------------------------------
  0.425E+00 | 0.1198E+01 | 0.1198E+01 | 0.7141E-04 |
----------------------------------------------------
  0.450E+00 | 0.1225E+01 | 0.1224E+01 | 0.8249E-04 |
----------------------------------------------------
  0.475E+00 | 0.1253E+01 | 0.1253E+01 | 0.9477E-04 |
----------------------------------------------------
  0.500E+00 | 0.1284E+01 | 0.1284E+01 | 0.1084E-03 |
----------------------------------------------------
  0.525E+00 | 0.1317E+01 | 0.1317E+01 | 0.1236E-03 |
----------------------------------------------------
  0.550E+00 | 0.1353E+01 | 0.1353E+01 | 0.1405E-03 |
----------------------------------------------------
  0.575E+00 | 0.1392E+01 | 0.1392E+01 | 0.1595E-03 |
----------------------------------------------------
  0.600E+00 | 0.1434E+01 | 0.1433E+01 | 0.1805E-03 |
----------------------------------------------------
  0.625E+00 | 0.1478E+01 | 0.1478E+01 | 0.2038E-03 |
----------------------------------------------------
  0.650E+00 | 0.1526E+01 | 0.1526E+01 | 0.2298E-03 |
----------------------------------------------------
  0.675E+00 | 0.1577E+01 | 0.1577E+01 | 0.2587E-03 |
----------------------------------------------------
  0.700E+00 | 0.1633E+01 | 0.1632E+01 | 0.2909E-03 |
----------------------------------------------------
  0.725E+00 | 0.1692E+01 | 0.1692E+01 | 0.3266E-03 |
----------------------------------------------------
  0.750E+00 | 0.1755E+01 | 0.1755E+01 | 0.3664E-03 |
----------------------------------------------------
  0.775E+00 | 0.1824E+01 | 0.1823E+01 | 0.4109E-03 |
----------------------------------------------------
  0.800E+00 | 0.1897E+01 | 0.1896E+01 | 0.4605E-03 |
----------------------------------------------------
  0.825E+00 | 0.1976E+01 | 0.1975E+01 | 0.5158E-03 |
----------------------------------------------------
  0.850E+00 | 0.2060E+01 | 0.2060E+01 | 0.5774E-03 |
----------------------------------------------------
  0.875E+00 | 0.2151E+01 | 0.2150E+01 | 0.6466E-03 |
----------------------------------------------------
  0.900E+00 | 0.2249E+01 | 0.2248E+01 | 0.7236E-03 |
----------------------------------------------------
  0.925E+00 | 0.2354E+01 | 0.2353E+01 | 0.8097E-03 |
----------------------------------------------------
  0.950E+00 | 0.2467E+01 | 0.2466E+01 | 0.9060E-03 |
----------------------------------------------------
  0.975E+00 | 0.2588E+01 | 0.2587E+01 | 0.1014E-02 |
----------------------------------------------------
  0.100E+01 | 0.2719E+01 | 0.2718E+01 | 0.1135E-02 |
----------------------------------------------------
