----------------------------------------------------
 t          | y          | y*         | |y-y*|     |
----------------------------------------------------
  0.000E+00 | 0.1000E+01 | 0.1000E+01 | 0.0000E+00 |
----------------------------------------------------
  0.500E-01 | 0.1003E+01 | 0.1003E+01 | 0.3099E-05 |
----------------------------------------------------
  0.100E+00 | 0.1010E+01 | 0.1010E+01 | 0.1264E-04 |
----------------------------------------------------
  0.150E+00 | 0.1023E+01 | 0.1023E+01 | 0.2897E-04 |
----------------------------------------------------
  0.200E+00 | 0.1041E+01 | 0.1041E+01 | 0.5269E-04 |
----------------------------------------------------
  0.250E+00 | 0.1065E+01 | 0.1064E+01 | 0.8488E-04 |
----------------------------------------------------
  0.300E+00 | 0.1094E+01 | 0.1094E+01 | 0.1268E-03 |
----------------------------------------------------
  0.350E+00 | 0.1130E+01 | 0.1130E+01 | 0.1802E-03 |
----------------------------------------------------
  0.400E+00 | 0.1174E+01 | 0.1174E+01 | 0.2474E-03 |
----------------------------------------------------
  0.450E+00 | 0.1225E+01 | 0.1224E+01 | 0.3312E-03 |
----------------------------------------------------
  0.500E+00 | 0.1284E+01 | 0.1284E+01 | 0.4351E-03 |
----------------------------------------------------
  0.550E+00 | 0.1354E+01 | 0.1353E+01 | 0.5640E-03 |
----------------------------------------------------
  0.600E+00 | 0.1434E+01 | 0.1433E+01 | 0.7232E-03 |
----------------------------------------------------
  0.650E+00 | 0.1527E+01 | 0.1526E+01 | 0.9205E-03 |
----------------------------------------------------
  0.700E+00 | 0.1633E+01 | 0.1632E+01 | 0.1165E-02 |
----------------------------------------------------
  0.750E+00 | 0.1757E+01 | 0.1755E+01 | 0.1468E-02 |
----------------------------------------------------
  0.800E+00 | 0.1898E+01 | 0.1896E+01 | 0.1844E-02 |
----------------------------------------------------
  0.850E+00 | 0.2062E+01 | 0.2060E+01 | 0.2312E-02 |
----------------------------------------------------
  0.900E+00 | 0.2251E+01 | 0.2248E+01 | 0.2897E-02 |
----------------------------------------------------
  0.950E+00 | 0.2469E+01 | 0.2466E+01 | 0.3627E-02 |
----------------------------------------------------
  0.100E+01 | 0.2723E+01 | 0.2718E+01 | 0.4542E-02 |
----------------------------------------------------
