----------------------------------------------------
 t          | y          | y*         | |y-y*|     |
----------------------------------------------------
 0.0000E+00 | 0.1000E+01 | 0.1000E+01 | 0.0000E+00 |
----------------------------------------------------
 0.1000E+00 | 0.1010E+01 | 0.1010E+01 | 0.4175E-09 |
----------------------------------------------------
 0.2000E+00 | 0.1041E+01 | 0.1041E+01 | 0.4423E-08 |
----------------------------------------------------
 0.3000E+00 | 0.1094E+01 | 0.1094E+01 | 0.5027E-03 |
----------------------------------------------------
 0.4000E+00 | 0.1172E+01 | 0.1174E+01 | 0.1160E-02 |
----------------------------------------------------
 0.5000E+00 | 0.1282E+01 | 0.1284E+01 | 0.2061E-02 |
----------------------------------------------------
 0.6000E+00 | 0.1430E+01 | 0.1433E+01 | 0.3364E-02 |
----------------------------------------------------
 0.7000E+00 | 0.1627E+01 | 0.1632E+01 | 0.5309E-02 |
----------------------------------------------------
 0.8000E+00 | 0.1888E+01 | 0.1896E+01 | 0.8273E-02 |
----------------------------------------------------
 0.9000E+00 | 0.2235E+01 | 0.2248E+01 | 0.1286E-01 |
----------------------------------------------------
 0.1000E+01 | 0.2698E+01 | 0.2718E+01 | 0.2005E-01 |
----------------------------------------------------
